# Updated: 2026-04-15 20:39:38.641229
263775014573
263775014895
263775014950
263775016267
263775018264
263775018695
263775019687
263775026284
263775028211
263775028299
263775028862
263775029558
263775030057
263775031824
263775032000
263775037357
263775039006
263775039843
263775040894
263775041337
263775041780
263775042457
263775043502
263775043589
263775044038
263775051344
263775052832
263775053076
263775054640
263775055536
263775056991
263775059329
263775061375
263775062768
263775062951
263775063147
263775064323
263775068876
263775073190
263775077802
263775080374
263775080520
263775081960
263775084251
263775087241
263775091557
263775094876
263775095856
263775099120
263775099216
263775099844
263775100728
263775102684
263775108050
263775108893
263775109806
263775110017
263775111334
263775113481
263775117679
263775118591
263775118756
263775119759
263775120197
263775125978
263775126802
263775127972
263775128938
263775129221
263775129766
263775129945
263775132416
263775139922
263775139930
263775141014
263775145247
263775145562
263775146445
263775147867
263775148885
263775151915
263775158052
263775162152
263775163456
263775167393
263775169339
263775172150
263775173447
263775176042
263775180212
263775184262
263775184549
263775184598
263775186546
263775190394
263775191285
263775193531
263775196999
263775197563
263775197733
263775198318
263775199194
263775205784
263775206076
263775207573
263775208235
263775209030
263775210595
263775210656
263775214403
263775216286
263775225052
263775227946
263775228240
263775229101
263775230415
263775232192
263775233020
263775233750
263775236903
263775241642
263775242460
263775242525
263775252887
263775254391
263775255322
263775255971
263775263400
263775263562
263775264068
263775267779
263775268006
263775275979
263775276770
263775277251
263775278577
263775278712
263775280380
263775280515
263775283369
263775283555
263775284983
263775287451
263775287576
263775290802
263775291870
263775294226
263775294830
263775300258
263775303905
263775303954
263775304573
263775310386
263775317903
263775318386
263775318824
263775319130
263775322255
263775325922
263775326041
263775327058
263775327972
263775329232
263775331597
263775332354
263775333491
263775338119
263775339654
263775339928
263775340388
263775343027
263775343551
263775345223
263775345326
263775345739
263775346263
263775350642
263775352606
263775355787
263775356340
263775358911
263775361360
263775363524
263775363735
263775366972
263775367068
263775368389
263775369926
263775370349
263775370366
263775374230
263775376492
263775377548
263775379594
263775379814
263775383954
263775386001
263775387374
263775387802
263775388806
263775388936
263775389611
263775393419
263775394309
263775397479
263775397721
263775409380
263775409409
263775409751
263775410665
263775411351
263775411990
263775413147
263775414360
263775420680
263775421647
263775423383
263775425845
263775428454
263775430364
263775431521
263775432211
263775432367
263775432815
263775438971
263775440347
263775446386
263775446826
263775447769
263775449132
263775449212
263775449556
263775450860
263775451961
263775455334
263775456279
263775463185
263775464588
263775467176
263775469999
263775471116
263775472579
263775483858
263775484598
263775485318
263775486082
263775487234
263775490728
263775492870
263775494095
263775494836
263775496237
263775500735
263775504963
263775507961
263775508762
263775509905
263775510243
263775518356
263775518842
263775519011
263775521613
263775522492
263775527361
263775532560
263775535736
263775535764
263775536601
263775541877
263775544881
263775545036
263775546363
263775546514
263775549628
263775551774
263775552403
263775554436
263775556657
263775559340
263775561278
263775563571
263775564140
263775568839
263775570121
263775570817
263775571243
263775572962
263775573023
263775573751
263775573905
263775574755
263775574859
263775576941
263775584506
263775585212
263775585574
263775585877
263775588278
263775588390
263775588866
263775589645
263775589695
263775590294
263775592793
263775592871
263775594048
263775595030
263775595119
263775595457
263775596263
263775600021
263775600245
263775603231
263775608988
263775609345
263775617358
263775619851
263775621812
263775623211
263775626075
263775628334
263775628748
263775630173
263775632500
263775632917
263775634781
263775644995
263775647266
263775655511
263775655711
263775657058
263775657590
263775658808
263775659061
263775661550
263775662128
263775663608
263775664119
263775664497
263775667086
263775669967
263775680703
263775683432
263775683550
263775684305
263775684566
263775685130
263775689231
263775690609
263775698727
263775700186
263775700815
263775701651
263775702139
263775702385
263775704271
263775710387
263775713525
263775715223
263775715553
263775716164
263775718714
263775723527
263775724195
263775725462
263775725569
263775730320
263775730934
263775731990
263775747662
263775748731
263775751990
263775752570
263775754701
263775755394
263775757496
263775764774
263775765034
263775767509
263775769101
263775772134
263775775596
263775782318
263775782461
263775782538
263775786713
263775787056
263775788706
263775789254
263775791373
263775792002
263775793143
263775797820
263775801418
263775804085
263775807046
263775807316
263775811340
263775817782
263775819135
263775821587
263775821753
263775823322
263775825568
263775830223
263775831203
263775831369
263775832760
263775833114
263775833601
263775834226
263775834547
263775835643
263775836313
263775837355
263775848464
263775850064
263775850668
263775852301
263775855224
263775857075
263775858539
263775861419
263775863074
263775864535
263775866647
263775866787
263775868855
263775869429
263775871960
263775876022
263775879395
263775880250
263775885246
263775885326
263775886883
263775889609
263775895574
263775901892
263775905801
263775906387
263775908124
263775908174
263775909190
263775911538
263775911797
263775912919
263775913288
263775914744
263775916467
263775916705
263775918029
263775919038
263775920153
263775922281
263775922971
263775925729
263775927802
263775928786
263775931402
263775933215
263775935340
263775937160
263775942699
263775942835
263775943256
263775945358
263775948774
263775950751
263775951176
263775951695
263775952047
263775952916
263775953358
263775954026
263775955062
263775955321
263775957094
263775961651
263775964488
263775967136
263775969293
263775974448
263775974938
263775976800
263775976983
263775978686
263775980107
263775980327
263775980556
263775982052
263775984184
263775986697
263775988107
263775988329
263775990078
263775994891
263775995636
263775997450
263775998157

